asOfDate, cusip, securitytype, rate, maturitydate, calldate, buy, sell, endofday, key
"2025-05-30","912797PL5","MARKET BASED BILL","0.00000","2025-06-03","","0.000000","99.953000","99.988222","2025-06-03-0.00000"
"2025-05-30","912797NP8","MARKET BASED BILL","0.00000","2025-06-05","","0.000000","99.929333","99.964583","2025-06-05-0.00000"
"2025-05-30","912797PR2","MARKET BASED BILL","0.00000","2025-06-10","","99.871208","99.870750","99.906222","2025-06-10-0.00000"
"2025-05-30","912797LN5","MARKET BASED BILL","0.00000","2025-06-12","","99.847250","99.846889","99.882222","2025-06-12-0.00000"
"2025-05-30","912797PS0","MARKET BASED BILL","0.00000","2025-06-17","","99.788500","99.788000","99.822917","2025-06-17-0.00000"
"2025-05-30","912797NV5","MARKET BASED BILL","0.00000","2025-06-20","","99.753542","99.752667","99.787500","2025-06-20-0.00000"
"2025-05-30","912797PT8","MARKET BASED BILL","0.00000","2025-06-24","","99.706597","99.705556","99.741500","2025-06-24-0.00000"
"2025-05-30","912797NW3","MARKET BASED BILL","0.00000","2025-06-26","","99.683500","99.682750","99.718000","2025-06-26-0.00000"
"2025-05-30","912797PU5","MARKET BASED BILL","0.00000","2025-07-01","","99.626222","99.625778","99.660861","2025-07-01-0.00000"
"2025-05-30","912797NX1","MARKET BASED BILL","0.00000","2025-07-03","","99.601444","99.600500","99.635750","2025-07-03-0.00000"
"2025-05-30","912797PZ4","MARKET BASED BILL","0.00000","2025-07-08","","99.542833","99.541750","99.577000","2025-07-08-0.00000"
"2025-05-30","912797LW5","MARKET BASED BILL","0.00000","2025-07-10","","99.519389","99.518250","99.553500","2025-07-10-0.00000"
"2025-05-30","912797QA8","MARKET BASED BILL","0.00000","2025-07-15","","99.462056","99.460778","99.494750","2025-07-15-0.00000"
"2025-05-30","912797PE1","MARKET BASED BILL","0.00000","2025-07-17","","99.437333","99.436000","99.471250","2025-07-17-0.00000"
"2025-05-30","912797QB6","MARKET BASED BILL","0.00000","2025-07-22","","99.378722","99.377250","99.412500","2025-07-22-0.00000"
"2025-05-30","912797PF8","MARKET BASED BILL","0.00000","2025-07-24","","99.356042","99.353750","99.389000","2025-07-24-0.00000"
"2025-05-30","912797QC4","MARKET BASED BILL","0.00000","2025-07-29","","99.296667","99.295000","99.330250","2025-07-29-0.00000"
"2025-05-30","912797PG6","MARKET BASED BILL","0.00000","2025-07-31","","99.272361","99.269778","99.306750","2025-07-31-0.00000"
"2025-05-30","912797QH3","MARKET BASED BILL","0.00000","2025-08-05","","99.213681","99.210889","99.244444","2025-08-05-0.00000"
"2025-05-30","912797MG9","MARKET BASED BILL","0.00000","2025-08-07","","99.189250","99.187333","99.222667","2025-08-07-0.00000"
"2025-05-30","912797QJ9","MARKET BASED BILL","0.00000","2025-08-12","","99.131528","99.128444","99.161806","2025-08-12-0.00000"
"2025-05-30","912797PN1","MARKET BASED BILL","0.00000","2025-08-14","","99.109111","99.107000","99.140222","2025-08-14-0.00000"
"2025-05-30","912797QK6","MARKET BASED BILL","0.00000","2025-08-19","","99.048250","99.043750","99.079167","2025-08-19-0.00000"
"2025-05-30","912797PP6","MARKET BASED BILL","0.00000","2025-08-21","","99.024750","99.020139","99.055556","2025-08-21-0.00000"
"2025-05-30","912797QL4","MARKET BASED BILL","0.00000","2025-08-26","","98.966000","98.961111","98.996528","2025-08-26-0.00000"
"2025-05-30","912797PQ4","MARKET BASED BILL","0.00000","2025-08-28","","98.938750","98.937500","98.972917","2025-08-28-0.00000"
"2025-05-30","912797QM2","MARKET BASED BILL","0.00000","2025-09-02","","98.885069","98.881111","98.916444","2025-09-02-0.00000"
"2025-05-30","912797MH7","MARKET BASED BILL","0.00000","2025-09-04","","98.862944","98.857556","98.895500","2025-09-04-0.00000"
"2025-05-30","912797QT7","MARKET BASED BILL","0.00000","2025-09-09","","98.802917","98.795833","98.836750","2025-09-09-0.00000"
"2025-05-30","912797PW1","MARKET BASED BILL","0.00000","2025-09-11","","98.788111","98.780889","98.818861","2025-09-11-0.00000"
"2025-05-30","912797QU4","MARKET BASED BILL","0.00000","2025-09-16","","98.722278","98.716222","98.754500","2025-09-16-0.00000"
"2025-05-30","912797PX9","MARKET BASED BILL","0.00000","2025-09-18","","98.703458","98.698833","98.734000","2025-09-18-0.00000"
"2025-05-30","912797QV2","MARKET BASED BILL","0.00000","2025-09-23","","98.640222","98.637000","98.672250","2025-09-23-0.00000"
"2025-05-30","912797PY7","MARKET BASED BILL","0.00000","2025-09-25","","98.626611","98.620056","98.655139","2025-09-25-0.00000"
"2025-05-30","912797MS3","MARKET BASED BILL","0.00000","2025-10-02","","98.545139","98.541667","98.573278","2025-10-02-0.00000"
"2025-05-30","912797QE0","MARKET BASED BILL","0.00000","2025-10-09","","98.467333","98.460000","98.498583","2025-10-09-0.00000"
"2025-05-30","912797QF7","MARKET BASED BILL","0.00000","2025-10-16","","98.387986","98.382194","98.417111","2025-10-16-0.00000"
"2025-05-30","912797QG5","MARKET BASED BILL","0.00000","2025-10-23","","98.306806","98.300722","98.335639","2025-10-23-0.00000"
"2025-05-30","912797NA1","MARKET BASED BILL","0.00000","2025-10-30","","98.221375","98.219250","98.254167","2025-10-30-0.00000"
"2025-05-30","912797QP5","MARKET BASED BILL","0.00000","2025-11-06","","98.146667","98.142222","98.177056","2025-11-06-0.00000"
"2025-05-30","912797QQ3","MARKET BASED BILL","0.00000","2025-11-13","","98.063264","98.056306","98.095778","2025-11-13-0.00000"
"2025-05-30","912797QR1","MARKET BASED BILL","0.00000","2025-11-20","","97.984500","97.979667","98.014500","2025-11-20-0.00000"
"2025-05-30","912797NL7","MARKET BASED BILL","0.00000","2025-11-28","","97.891833","97.886778","97.926583","2025-11-28-0.00000"
"2025-05-30","912797NU7","MARKET BASED BILL","0.00000","2025-12-26","","97.620000","97.602500","97.636750","2025-12-26-0.00000"
"2025-05-30","912797PD3","MARKET BASED BILL","0.00000","2026-01-22","","97.350208","97.333750","97.367500","2026-01-22-0.00000"
"2025-05-30","912797PM3","MARKET BASED BILL","0.00000","2026-02-19","","97.040833","97.026111","97.059778","2026-02-19-0.00000"
"2025-05-30","912797PV3","MARKET BASED BILL","0.00000","2026-03-19","","96.740375","96.720028","96.761667","2026-03-19-0.00000"
"2025-05-30","912797QD2","MARKET BASED BILL","0.00000","2026-04-16","","96.473458","96.460083","96.493167","2026-04-16-0.00000"
"2025-05-30","912797QN0","MARKET BASED BILL","0.00000","2026-05-14","","96.170694","96.161000","96.203611","2026-05-14-0.00000"
"2025-05-30","9128284R8","MARKET BASED NOTE","0.02875","2025-05-31","","0.000000","99.937500","100.000000","2025-05-31-0.02875"
"2025-05-30","912828ZT0","MARKET BASED NOTE","0.00250","2025-05-31","","0.000000","99.937500","100.000000","2025-05-31-0.00250"
"2025-05-30","91282CHD6","MARKET BASED NOTE","0.04250","2025-05-31","","0.000000","99.968750","100.000000","2025-05-31-0.04250"
"2025-05-30","91282CEU1","MARKET BASED NOTE","0.02875","2025-06-15","","0.000000","99.906250","99.937500","2025-06-15-0.02875"
"2025-05-30","912828ZW3","MARKET BASED NOTE","0.00250","2025-06-30","","0.000000","99.656250","99.656250","2025-06-30-0.00250"
"2025-05-30","912828XZ8","MARKET BASED NOTE","0.02750","2025-06-30","","0.000000","99.843750","99.843750","2025-06-30-0.02750"
"2025-05-30","91282CHL8","MARKET BASED NOTE","0.04625","2025-06-30","","0.000000","100.000000","100.000000","2025-06-30-0.04625"
"2025-05-30","91282CEY3","MARKET BASED NOTE","0.03000","2025-07-15","","0.000000","99.812500","99.812500","2025-07-15-0.03000"
"2025-05-30","91282CAB7","MARKET BASED NOTE","0.00250","2025-07-31","","0.000000","99.312500","99.312500","2025-07-31-0.00250"
"2025-05-30","912828Y79","MARKET BASED NOTE","0.02875","2025-07-31","","0.000000","99.750000","99.718750","2025-07-31-0.02875"
"2025-05-30","91282CHN4","MARKET BASED NOTE","0.04750","2025-07-31","","0.000000","100.062500","100.062500","2025-07-31-0.04750"
"2025-05-30","912828K74","MARKET BASED NOTE","0.02000","2025-08-15","","0.000000","99.500000","99.500000","2025-08-15-0.02000"
"2025-05-30","91282CFE6","MARKET BASED NOTE","0.03125","2025-08-15","","0.000000","99.718750","99.718750","2025-08-15-0.03125"
"2025-05-30","91282CAJ0","MARKET BASED NOTE","0.00250","2025-08-31","","0.000000","99.000000","99.000000","2025-08-31-0.00250"
"2025-05-30","9128284Z0","MARKET BASED NOTE","0.02750","2025-08-31","","0.000000","99.593750","99.593750","2025-08-31-0.02750"
"2025-05-30","91282CHV6","MARKET BASED NOTE","0.05000","2025-08-31","","0.000000","100.125000","100.125000","2025-08-31-0.05000"
"2025-05-30","91282CFK2","MARKET BASED NOTE","0.03500","2025-09-15","","0.000000","99.718750","99.750000","2025-09-15-0.03500"
"2025-05-30","91282CJB8","MARKET BASED NOTE","0.05000","2025-09-30","","0.000000","100.187500","100.187500","2025-09-30-0.05000"
"2025-05-30","9128285C0","MARKET BASED NOTE","0.03000","2025-09-30","","0.000000","99.562500","99.562500","2025-09-30-0.03000"
"2025-05-30","91282CAM3","MARKET BASED NOTE","0.00250","2025-09-30","","0.000000","98.656250","98.656250","2025-09-30-0.00250"
"2025-05-30","91282CFP1","MARKET BASED NOTE","0.04250","2025-10-15","","0.000000","99.968750","99.968750","2025-10-15-0.04250"
"2025-05-30","91282CJE2","MARKET BASED NOTE","0.05000","2025-10-31","","0.000000","100.218750","100.218750","2025-10-31-0.05000"
"2025-05-30","91282CAT8","MARKET BASED NOTE","0.00250","2025-10-31","","0.000000","98.312500","98.312500","2025-10-31-0.00250"
"2025-05-30","9128285J5","MARKET BASED NOTE","0.03000","2025-10-31","","0.000000","99.437500","99.437500","2025-10-31-0.03000"
"2025-05-30","912828M56","MARKET BASED NOTE","0.02250","2025-11-15","","0.000000","99.062500","99.062500","2025-11-15-0.02250"
"2025-05-30","91282CFW6","MARKET BASED NOTE","0.04500","2025-11-15","","0.000000","100.031250","100.031250","2025-11-15-0.04500"
"2025-05-30","91282CJL6","MARKET BASED NOTE","0.04875","2025-11-30","","100.265625","100.250000","100.250000","2025-11-30-0.04875"
"2025-05-30","9128285N6","MARKET BASED NOTE","0.02875","2025-11-30","","99.312500","99.281250","99.281250","2025-11-30-0.02875"
"2025-05-30","91282CAZ4","MARKET BASED NOTE","0.00375","2025-11-30","","98.093750","98.062500","98.062500","2025-11-30-0.00375"
"2025-05-30","91282CGA3","MARKET BASED NOTE","0.04000","2025-12-15","","99.937500","99.906250","99.906250","2025-12-15-0.04000"
"2025-05-30","91282CJS1","MARKET BASED NOTE","0.04250","2025-12-31","","99.968750","99.937500","99.968750","2025-12-31-0.04250"
"2025-05-30","91282CBC4","MARKET BASED NOTE","0.00375","2025-12-31","","97.812500","97.781250","97.781250","2025-12-31-0.00375"
"2025-05-30","9128285T3","MARKET BASED NOTE","0.02625","2025-12-31","","99.078125","99.031250","99.062500","2025-12-31-0.02625"
"2025-05-30","91282CGE5","MARKET BASED NOTE","0.03875","2026-01-15","","99.828125","99.812500","99.781250","2026-01-15-0.03875"
"2025-05-30","91282CJV4","MARKET BASED NOTE","0.04250","2026-01-31","","99.984375","99.968750","99.937500","2026-01-31-0.04250"
"2025-05-30","9128286A3","MARKET BASED NOTE","0.02625","2026-01-31","","98.953125","98.906250","98.906250","2026-01-31-0.02625"
"2025-05-30","91282CBH3","MARKET BASED NOTE","0.00375","2026-01-31","","97.468750","97.437500","97.437500","2026-01-31-0.00375"
"2025-05-30","912828P46","MARKET BASED NOTE","0.01625","2026-02-15","","98.218750","98.187500","98.187500","2026-02-15-0.01625"
"2025-05-30","91282CGL9","MARKET BASED NOTE","0.04000","2026-02-15","","99.843750","99.812500","99.812500","2026-02-15-0.04000"
"2025-05-30","91282CKB6","MARKET BASED NOTE","0.04625","2026-02-28","","100.265625","100.250000","100.250000","2026-02-28-0.04625"
"2025-05-30","9128286F2","MARKET BASED NOTE","0.02500","2026-02-28","","98.734375","98.687500","98.718750","2026-02-28-0.02500"
"2025-05-30","91282CBQ3","MARKET BASED NOTE","0.00500","2026-02-28","","97.281250","97.250000","97.250000","2026-02-28-0.00500"
"2025-05-30","91282CGR6","MARKET BASED NOTE","0.04625","2026-03-15","","100.312500","100.281250","100.281250","2026-03-15-0.04625"
"2025-05-30","91282CKH3","MARKET BASED NOTE","0.04500","2026-03-31","","100.234375","100.218750","100.218750","2026-03-31-0.04500"
"2025-05-30","91282CBT7","MARKET BASED NOTE","0.00750","2026-03-31","","97.218750","97.187500","97.218750","2026-03-31-0.00750"
"2025-05-30","9128286L9","MARKET BASED NOTE","0.02250","2026-03-31","","98.421875","98.406250","98.406250","2026-03-31-0.02250"
"2025-05-30","91282CGV7","MARKET BASED NOTE","0.03750","2026-04-15","","99.625000","99.593750","99.593750","2026-04-15-0.03750"
"2025-05-30","91282CKK6","MARKET BASED NOTE","0.04875","2026-04-30","","100.609375","100.593750","100.562500","2026-04-30-0.04875"
"2025-05-30","9128286S4","MARKET BASED NOTE","0.02375","2026-04-30","","98.406250","98.375000","98.375000","2026-04-30-0.02375"
"2025-05-30","91282CBW0","MARKET BASED NOTE","0.00750","2026-04-30","","96.968750","96.937500","96.937500","2026-04-30-0.00750"
"2025-05-30","912828R36","MARKET BASED NOTE","0.01625","2026-05-15","","97.625000","97.593750","97.625000","2026-05-15-0.01625"
"2025-05-30","91282CHB0","MARKET BASED NOTE","0.03625","2026-05-15","","99.484375","99.468750","99.468750","2026-05-15-0.03625"
"2025-05-30","91282CKS9","MARKET BASED NOTE","0.04875","2026-05-31","","100.671875","100.656250","100.656250","2026-05-31-0.04875"
"2025-05-30","9128286X3","MARKET BASED NOTE","0.02125","2026-05-31","","98.031250","98.000000","98.000000","2026-05-31-0.02125"
"2025-05-30","91282CCF6","MARKET BASED NOTE","0.00750","2026-05-31","","96.703125","96.687500","96.687500","2026-05-31-0.00750"
"2025-05-30","91282CHH7","MARKET BASED NOTE","0.04125","2026-06-15","","99.968750","99.968750","99.968750","2026-06-15-0.04125"
"2025-05-30","91282CKY6","MARKET BASED NOTE","0.04625","2026-06-30","","100.500000","100.500000","100.500000","2026-06-30-0.04625"
"2025-05-30","91282CCJ8","MARKET BASED NOTE","0.00875","2026-06-30","","96.578125","96.562500","96.562500","2026-06-30-0.00875"
"2025-05-30","9128287B0","MARKET BASED NOTE","0.01875","2026-06-30","","97.625000","97.593750","97.593750","2026-06-30-0.01875"
"2025-05-30","91282CHM6","MARKET BASED NOTE","0.04500","2026-07-15","","100.421875","100.406250","100.406250","2026-07-15-0.04500"
"2025-05-30","91282CLB5","MARKET BASED NOTE","0.04375","2026-07-31","","100.296875","100.281250","100.281250","2026-07-31-0.04375"
"2025-05-30","912828Y95","MARKET BASED NOTE","0.01875","2026-07-31","","97.484375","97.468750","97.468750","2026-07-31-0.01875"
"2025-05-30","91282CCP4","MARKET BASED NOTE","0.00625","2026-07-31","","96.078125","96.062500","96.062500","2026-07-31-0.00625"
"2025-05-30","9128282A7","MARKET BASED NOTE","0.01500","2026-08-15","","96.984375","96.968750","96.968750","2026-08-15-0.01500"
"2025-05-30","91282CHU8","MARKET BASED NOTE","0.04375","2026-08-15","","100.328125","100.312500","100.312500","2026-08-15-0.04375"
"2025-05-30","91282CLH2","MARKET BASED NOTE","0.03750","2026-08-31","","99.578125","99.562500","99.593750","2026-08-31-0.03750"
"2025-05-30","912828YD6","MARKET BASED NOTE","0.01375","2026-08-31","","96.734375","96.718750","96.750000","2026-08-31-0.01375"
"2025-05-30","91282CCW9","MARKET BASED NOTE","0.00750","2026-08-31","","95.984375","95.968750","95.968750","2026-08-31-0.00750"
"2025-05-30","91282CHY0","MARKET BASED NOTE","0.04625","2026-09-15","","100.671875","100.656250","100.687500","2026-09-15-0.04625"
"2025-05-30","91282CLP4","MARKET BASED NOTE","0.03500","2026-09-30","","99.281250","99.281250","99.281250","2026-09-30-0.03500"
"2025-05-30","91282CCZ2","MARKET BASED NOTE","0.00875","2026-09-30","","95.921875","95.906250","95.906250","2026-09-30-0.00875"
"2025-05-30","912828YG9","MARKET BASED NOTE","0.01625","2026-09-30","","96.890625","96.875000","96.875000","2026-09-30-0.01625"
"2025-05-30","91282CJC6","MARKET BASED NOTE","0.04625","2026-10-15","","100.765625","100.750000","100.750000","2026-10-15-0.04625"
"2025-05-30","91282CLS8","MARKET BASED NOTE","0.04125","2026-10-31","","100.109375","100.093750","100.125000","2026-10-31-0.04125"
"2025-05-30","912828YQ7","MARKET BASED NOTE","0.01625","2026-10-31","","96.734375","96.718750","96.750000","2026-10-31-0.01625"
"2025-05-30","91282CDG3","MARKET BASED NOTE","0.01125","2026-10-31","","96.015625","96.000000","96.031250","2026-10-31-0.01125"
"2025-05-30","912828U24","MARKET BASED NOTE","0.02000","2026-11-15","","97.156250","97.125000","97.156250","2026-11-15-0.02000"
"2025-05-30","91282CJK8","MARKET BASED NOTE","0.04625","2026-11-15","","100.828125","100.812500","100.812500","2026-11-15-0.04625"
"2025-05-30","91282CLY5","MARKET BASED NOTE","0.04250","2026-11-30","","100.328125","100.312500","100.343750","2026-11-30-0.04250"
"2025-05-30","912828YU8","MARKET BASED NOTE","0.01625","2026-11-30","","96.546875","96.531250","96.562500","2026-11-30-0.01625"
"2025-05-30","91282CDK4","MARKET BASED NOTE","0.01250","2026-11-30","","96.015625","96.000000","96.000000","2026-11-30-0.01250"
"2025-05-30","91282CJP7","MARKET BASED NOTE","0.04375","2026-12-15","","100.515625","100.500000","100.531250","2026-12-15-0.04375"
"2025-05-30","91282CME8","MARKET BASED NOTE","0.04250","2026-12-31","","100.359375","100.343750","100.375000","2026-12-31-0.04250"
"2025-05-30","91282CDQ1","MARKET BASED NOTE","0.01250","2026-12-31","","95.828125","95.812500","95.843750","2026-12-31-0.01250"
"2025-05-30","912828YX2","MARKET BASED NOTE","0.01750","2026-12-31","","96.562500","96.531250","96.562500","2026-12-31-0.01750"
"2025-05-30","91282CJT9","MARKET BASED NOTE","0.04000","2027-01-15","","99.984375","99.968750","100.000000","2027-01-15-0.04000"
"2025-05-30","91282CMH1","MARKET BASED NOTE","0.04125","2027-01-31","","100.203125","100.187500","100.218750","2027-01-31-0.04125"
"2025-05-30","912828Z78","MARKET BASED NOTE","0.01500","2027-01-31","","96.015625","96.000000","96.031250","2027-01-31-0.01500"
"2025-05-30","912828V98","MARKET BASED NOTE","0.02250","2027-02-15","","97.171875","97.156250","97.187500","2027-02-15-0.02250"
"2025-05-30","91282CKA8","MARKET BASED NOTE","0.04125","2027-02-15","","100.218750","100.187500","100.218750","2027-02-15-0.04125"
"2025-05-30","91282CMP3","MARKET BASED NOTE","0.04125","2027-02-28","","100.250000","100.250000","100.281250","2027-02-28-0.04125"
"2025-05-30","912828ZB9","MARKET BASED NOTE","0.01125","2027-02-28","","95.234375","95.218750","95.250000","2027-02-28-0.01125"
"2025-05-30","91282CEC1","MARKET BASED NOTE","0.01875","2027-02-28","","96.484375","96.468750","96.500000","2027-02-28-0.01875"
"2025-05-30","91282CKE0","MARKET BASED NOTE","0.04250","2027-03-15","","100.484375","100.468750","100.500000","2027-03-15-0.04250"
"2025-05-30","91282CMV0","MARKET BASED NOTE","0.03875","2027-03-31","","99.843750","99.843750","99.875000","2027-03-31-0.03875"
"2025-05-30","91282CEF4","MARKET BASED NOTE","0.02500","2027-03-31","","97.468750","97.437500","97.468750","2027-03-31-0.02500"
"2025-05-30","912828ZE3","MARKET BASED NOTE","0.00625","2027-03-31","","94.203125","94.187500","94.218750","2027-03-31-0.00625"
"2025-05-30","91282CKJ9","MARKET BASED NOTE","0.04500","2027-04-15","","100.984375","100.968750","101.000000","2027-04-15-0.04500"
"2025-05-30","91282CMY4","MARKET BASED NOTE","0.03750","2027-04-30","","99.656250","99.656250","99.687500","2027-04-30-0.03750"
"2025-05-30","912828ZN3","MARKET BASED NOTE","0.00500","2027-04-30","","93.734375","93.718750","93.750000","2027-04-30-0.00500"
"2025-05-30","91282CEN7","MARKET BASED NOTE","0.02750","2027-04-30","","97.828125","97.812500","97.843750","2027-04-30-0.02750"
"2025-05-30","912828X88","MARKET BASED NOTE","0.02375","2027-05-15","","97.093750","97.062500","97.093750","2027-05-15-0.02375"
"2025-05-30","91282CKR1","MARKET BASED NOTE","0.04500","2027-05-15","","101.031250","101.031250","101.062500","2027-05-15-0.04500"
"2025-05-30","91282CET4","MARKET BASED NOTE","0.02625","2027-05-31","","97.515625","97.500000","97.531250","2027-05-31-0.02625"
"2025-05-30","912828ZS2","MARKET BASED NOTE","0.00500","2027-05-31","","93.468750","93.437500","93.468750","2027-05-31-0.00500"
"2025-05-30","91282CKV2","MARKET BASED NOTE","0.04625","2027-06-15","","101.359375","101.343750","101.375000","2027-06-15-0.04625"
"2025-05-30","91282CEW7","MARKET BASED NOTE","0.03250","2027-06-30","","98.703125","98.687500","98.718750","2027-06-30-0.03250"
"2025-05-30","912828ZV5","MARKET BASED NOTE","0.00500","2027-06-30","","93.234375","93.218750","93.250000","2027-06-30-0.00500"
"2025-05-30","91282CKZ3","MARKET BASED NOTE","0.04375","2027-07-15","","100.921875","100.906250","100.937500","2027-07-15-0.04375"
"2025-05-30","91282CFB2","MARKET BASED NOTE","0.02750","2027-07-31","","97.609375","97.593750","97.625000","2027-07-31-0.02750"
"2025-05-30","91282CAD3","MARKET BASED NOTE","0.00375","2027-07-31","","92.718750","92.687500","92.718750","2027-07-31-0.00375"
"2025-05-30","9128282R0","MARKET BASED NOTE","0.02250","2027-08-15","","96.531250","96.500000","96.531250","2027-08-15-0.02250"
"2025-05-30","91282CLG4","MARKET BASED NOTE","0.03750","2027-08-15","","99.640625","99.625000","99.656250","2027-08-15-0.03750"
"2025-05-30","91282CFH9","MARKET BASED NOTE","0.03125","2027-08-31","","98.328125","98.312500","98.343750","2027-08-31-0.03125"
"2025-05-30","91282CAH4","MARKET BASED NOTE","0.00500","2027-08-31","","92.734375","92.718750","92.750000","2027-08-31-0.00500"
"2025-05-30","91282CLL3","MARKET BASED NOTE","0.03375","2027-09-15","","98.859375","98.843750","98.875000","2027-09-15-0.03375"
"2025-05-30","91282CFM8","MARKET BASED NOTE","0.04125","2027-09-30","","100.515625","100.500000","100.531250","2027-09-30-0.04125"
"2025-05-30","91282CAL5","MARKET BASED NOTE","0.00375","2027-09-30","","92.218750","92.187500","92.250000","2027-09-30-0.00375"
"2025-05-30","91282CLQ2","MARKET BASED NOTE","0.03875","2027-10-15","","99.921875","99.906250","99.937500","2027-10-15-0.03875"
"2025-05-30","91282CFU0","MARKET BASED NOTE","0.04125","2027-10-31","","100.500000","100.468750","100.500000","2027-10-31-0.04125"
"2025-05-30","91282CAU5","MARKET BASED NOTE","0.00500","2027-10-31","","92.218750","92.187500","92.218750","2027-10-31-0.00500"
"2025-05-30","9128283F5","MARKET BASED NOTE","0.02250","2027-11-15","","96.156250","96.125000","96.187500","2027-11-15-0.02250"
"2025-05-30","91282CLX7","MARKET BASED NOTE","0.04125","2027-11-15","","100.515625","100.500000","100.531250","2027-11-15-0.04125"
"2025-05-30","91282CFZ9","MARKET BASED NOTE","0.03875","2027-11-30","","99.953125","99.937500","99.968750","2027-11-30-0.03875"
"2025-05-30","91282CAY7","MARKET BASED NOTE","0.00625","2027-11-30","","92.281250","92.250000","92.312500","2027-11-30-0.00625"
"2025-05-30","91282CMB4","MARKET BASED NOTE","0.04000","2027-12-15","","100.265625","100.250000","100.281250","2027-12-15-0.04000"
"2025-05-30","91282CGC9","MARKET BASED NOTE","0.03875","2027-12-31","","99.968750","99.937500","99.968750","2027-12-31-0.03875"
"2025-05-30","91282CBB6","MARKET BASED NOTE","0.00625","2027-12-31","","92.031250","92.000000","92.031250","2027-12-31-0.00625"
"2025-05-30","91282CMF5","MARKET BASED NOTE","0.04250","2028-01-15","","100.859375","100.843750","100.875000","2028-01-15-0.04250"
"2025-05-30","91282CGH8","MARKET BASED NOTE","0.03500","2028-01-31","","99.015625","99.000000","99.031250","2028-01-31-0.03500"
"2025-05-30","91282CBJ9","MARKET BASED NOTE","0.00750","2028-01-31","","92.093750","92.062500","92.093750","2028-01-31-0.00750"
"2025-05-30","9128283W8","MARKET BASED NOTE","0.02750","2028-02-15","","97.062500","97.031250","97.093750","2028-02-15-0.02750"
"2025-05-30","91282CMN8","MARKET BASED NOTE","0.04250","2028-02-15","","100.906250","100.906250","100.937500","2028-02-15-0.04250"
"2025-05-30","91282CGP0","MARKET BASED NOTE","0.04000","2028-02-29","","100.281250","100.250000","100.281250","2028-02-29-0.04000"
"2025-05-30","91282CBP5","MARKET BASED NOTE","0.01125","2028-02-29","","92.843750","92.812500","92.843750","2028-02-29-0.01125"
"2025-05-30","91282CMS7","MARKET BASED NOTE","0.03875","2028-03-15","","99.984375","99.968750","100.031250","2028-03-15-0.03875"
"2025-05-30","91282CGT2","MARKET BASED NOTE","0.03625","2028-03-31","","99.328125","99.312500","99.343750","2028-03-31-0.03625"
"2025-05-30","91282CBS9","MARKET BASED NOTE","0.01250","2028-03-31","","92.984375","92.968750","93.000000","2028-03-31-0.01250"
"2025-05-30","91282CMW8","MARKET BASED NOTE","0.03750","2028-04-15","","99.625000","99.625000","99.656250","2028-04-15-0.03750"
"2025-05-30","91282CHA2","MARKET BASED NOTE","0.03500","2028-04-30","","98.921875","98.906250","98.968750","2028-04-30-0.03500"
"2025-05-30","91282CBZ3","MARKET BASED NOTE","0.01250","2028-04-30","","92.796875","92.781250","92.812500","2028-04-30-0.01250"
"2025-05-30","9128284N7","MARKET BASED NOTE","0.02875","2028-05-15","","97.187500","97.156250","97.218750","2028-05-15-0.02875"
"2025-05-30","91282CND9","MARKET BASED NOTE","0.03750","2028-05-15","","99.625000","99.625000","99.656250","2028-05-15-0.03750"
"2025-05-30","91282CHE4","MARKET BASED NOTE","0.03625","2028-05-31","","99.250000","99.218750","99.281250","2028-05-31-0.03625"
"2025-05-30","91282CCE9","MARKET BASED NOTE","0.01250","2028-05-31","","92.593750","92.562500","92.593750","2028-05-31-0.01250"
"2025-05-30","91282CCH2","MARKET BASED NOTE","0.01250","2028-06-30","","92.406250","92.375000","92.406250","2028-06-30-0.01250"
"2025-05-30","91282CHK0","MARKET BASED NOTE","0.04000","2028-06-30","","100.328125","100.312500","100.343750","2028-06-30-0.04000"
"2025-05-30","91282CHQ7","MARKET BASED NOTE","0.04125","2028-07-31","","100.671875","100.656250","100.687500","2028-07-31-0.04125"
"2025-05-30","91282CCR0","MARKET BASED NOTE","0.01000","2028-07-31","","91.453125","91.437500","91.468750","2028-07-31-0.01000"
"2025-05-30","9128284V9","MARKET BASED NOTE","0.02875","2028-08-15","","96.906250","96.875000","96.937500","2028-08-15-0.02875"
"2025-05-30","91282CCV1","MARKET BASED NOTE","0.01125","2028-08-31","","91.593750","91.562500","91.593750","2028-08-31-0.01125"
"2025-05-30","91282CHX2","MARKET BASED NOTE","0.04375","2028-08-31","","101.421875","101.406250","101.437500","2028-08-31-0.04375"
"2025-05-30","91282CJA0","MARKET BASED NOTE","0.04625","2028-09-30","","102.234375","102.218750","102.250000","2028-09-30-0.04625"
"2025-05-30","91282CCY5","MARKET BASED NOTE","0.01250","2028-09-30","","91.750000","91.718750","91.781250","2028-09-30-0.01250"
"2025-05-30","91282CDF5","MARKET BASED NOTE","0.01375","2028-10-31","","91.968750","91.937500","91.968750","2028-10-31-0.01375"
"2025-05-30","91282CJF9","MARKET BASED NOTE","0.04875","2028-10-31","","103.046875","103.031250","103.062500","2028-10-31-0.04875"
"2025-05-30","9128285M8","MARKET BASED NOTE","0.03125","2028-11-15","","97.468750","97.437500","97.468750","2028-11-15-0.03125"
"2025-05-30","91282CDL2","MARKET BASED NOTE","0.01500","2028-11-30","","92.171875","92.156250","92.187500","2028-11-30-0.01500"
"2025-05-30","91282CJN2","MARKET BASED NOTE","0.04375","2028-11-30","","101.484375","101.468750","101.500000","2028-11-30-0.04375"
"2025-05-30","91282CJR3","MARKET BASED NOTE","0.03750","2028-12-31","","99.453125","99.437500","99.468750","2028-12-31-0.03750"
"2025-05-30","91282CDP3","MARKET BASED NOTE","0.01375","2028-12-31","","91.593750","91.562500","91.625000","2028-12-31-0.01375"
"2025-05-30","91282CDW8","MARKET BASED NOTE","0.01750","2029-01-31","","92.656250","92.625000","92.656250","2029-01-31-0.01750"
"2025-05-30","91282CJW2","MARKET BASED NOTE","0.04000","2029-01-31","","100.234375","100.218750","100.250000","2029-01-31-0.04000"
"2025-05-30","9128286B1","MARKET BASED NOTE","0.02625","2029-02-15","","95.562500","95.531250","95.562500","2029-02-15-0.02625"
"2025-05-30","91282CEB3","MARKET BASED NOTE","0.01875","2029-02-28","","92.937500","92.906250","92.937500","2029-02-28-0.01875"
"2025-05-30","91282CKD2","MARKET BASED NOTE","0.04250","2029-02-28","","101.109375","101.093750","101.125000","2029-02-28-0.04250"
"2025-05-30","91282CKG5","MARKET BASED NOTE","0.04125","2029-03-31","","100.687500","100.656250","100.718750","2029-03-31-0.04125"
"2025-05-30","91282CEE7","MARKET BASED NOTE","0.02375","2029-03-31","","94.500000","94.468750","94.531250","2029-03-31-0.02375"
"2025-05-30","91282CEM9","MARKET BASED NOTE","0.02875","2029-04-30","","96.187500","96.156250","96.187500","2029-04-30-0.02875"
"2025-05-30","91282CKP5","MARKET BASED NOTE","0.04625","2029-04-30","","102.468750","102.437500","102.500000","2029-04-30-0.04625"
"2025-05-30","9128286T2","MARKET BASED NOTE","0.02375","2029-05-15","","94.343750","94.312500","94.343750","2029-05-15-0.02375"
"2025-05-30","91282CES6","MARKET BASED NOTE","0.02750","2029-05-31","","95.640625","95.625000","95.656250","2029-05-31-0.02750"
"2025-05-30","91282CKT7","MARKET BASED NOTE","0.04500","2029-05-31","","102.046875","102.031250","102.062500","2029-05-31-0.04500"
"2025-05-30","91282CKX8","MARKET BASED NOTE","0.04250","2029-06-30","","101.140625","101.125000","101.156250","2029-06-30-0.04250"
"2025-05-30","91282CEV9","MARKET BASED NOTE","0.03250","2029-06-30","","97.390625","97.375000","97.406250","2029-06-30-0.03250"
"2025-05-30","91282CFC0","MARKET BASED NOTE","0.02625","2029-07-31","","94.968750","94.937500","95.000000","2029-07-31-0.02625"
"2025-05-30","91282CLC3","MARKET BASED NOTE","0.04000","2029-07-31","","100.203125","100.187500","100.218750","2029-07-31-0.04000"
"2025-05-30","912828YB0","MARKET BASED NOTE","0.01625","2029-08-15","","91.234375","91.218750","91.250000","2029-08-15-0.01625"
"2025-05-30","91282CLK5","MARKET BASED NOTE","0.03625","2029-08-31","","98.734375","98.718750","98.750000","2029-08-31-0.03625"
"2025-05-30","91282CFJ5","MARKET BASED NOTE","0.03125","2029-08-31","","96.781250","96.750000","96.812500","2029-08-31-0.03125"
"2025-05-30","91282CFL0","MARKET BASED NOTE","0.03875","2029-09-30","","99.671875","99.656250","99.687500","2029-09-30-0.03875"
"2025-05-30","91282CLN9","MARKET BASED NOTE","0.03500","2029-09-30","","98.203125","98.187500","98.218750","2029-09-30-0.03500"
"2025-05-30","91282CLR0","MARKET BASED NOTE","0.04125","2029-10-31","","100.640625","100.625000","100.656250","2029-10-31-0.04125"
"2025-05-30","91282CFT3","MARKET BASED NOTE","0.04000","2029-10-31","","100.140625","100.125000","100.187500","2029-10-31-0.04000"
"2025-05-30","912828YS3","MARKET BASED NOTE","0.01750","2029-11-15","","91.187500","91.156250","91.187500","2029-11-15-0.01750"
"2025-05-30","91282CFY2","MARKET BASED NOTE","0.03875","2029-11-30","","99.609375","99.593750","99.625000","2029-11-30-0.03875"
"2025-05-30","91282CMA6","MARKET BASED NOTE","0.04125","2029-11-30","","100.671875","100.656250","100.718750","2029-11-30-0.04125"
"2025-05-30","91282CMD0","MARKET BASED NOTE","0.04375","2029-12-31","","101.671875","101.656250","101.718750","2029-12-31-0.04375"
"2025-05-30","91282CGB1","MARKET BASED NOTE","0.03875","2029-12-31","","99.593750","99.562500","99.625000","2029-12-31-0.03875"
"2025-05-30","91282CGJ4","MARKET BASED NOTE","0.03500","2030-01-31","","97.968750","97.937500","98.000000","2030-01-31-0.03500"
"2025-05-30","91282CMG3","MARKET BASED NOTE","0.04250","2030-01-31","","101.156250","101.156250","101.187500","2030-01-31-0.04250"
"2025-05-30","912828Z94","MARKET BASED NOTE","0.01500","2030-02-15","","89.500000","89.468750","89.531250","2030-02-15-0.01500"
"2025-05-30","91282CGQ8","MARKET BASED NOTE","0.04000","2030-02-28","","100.140625","100.125000","100.156250","2030-02-28-0.04000"
"2025-05-30","91282CGS4","MARKET BASED NOTE","0.03625","2030-03-31","","98.390625","98.375000","98.437500","2030-03-31-0.03625"
"2025-05-30","91282CMU2","MARKET BASED NOTE","0.04000","2030-03-31","","100.078125","100.062500","100.125000","2030-03-31-0.04000"
"2025-05-30","91282CMZ1","MARKET BASED NOTE","0.03875","2030-04-30","","99.515625","99.500000","99.562500","2030-04-30-0.03875"
"2025-05-30","91282CGZ8","MARKET BASED NOTE","0.03500","2030-04-30","","97.796875","97.781250","97.812500","2030-04-30-0.03500"
"2025-05-30","912828ZQ6","MARKET BASED NOTE","0.00625","2030-05-15","","85.015625","85.000000","85.031250","2030-05-15-0.00625"
"2025-05-30","91282CHF1","MARKET BASED NOTE","0.03750","2030-05-31","","98.859375","98.843750","98.906250","2030-05-31-0.03750"
"2025-05-30","91282CHJ3","MARKET BASED NOTE","0.03750","2030-06-30","","98.828125","98.812500","98.843750","2030-06-30-0.03750"
"2025-05-30","91282CHR5","MARKET BASED NOTE","0.04000","2030-07-31","","99.921875","99.906250","99.968750","2030-07-31-0.04000"
"2025-05-30","91282CAE1","MARKET BASED NOTE","0.00625","2030-08-15","","84.187500","84.156250","84.218750","2030-08-15-0.00625"
"2025-05-30","91282CHW4","MARKET BASED NOTE","0.04125","2030-08-31","","100.484375","100.468750","100.500000","2030-08-31-0.04125"
"2025-05-30","91282CHZ7","MARKET BASED NOTE","0.04625","2030-09-30","","102.828125","102.812500","102.843750","2030-09-30-0.04625"
"2025-05-30","91282CJG7","MARKET BASED NOTE","0.04875","2030-10-31","","104.000000","103.968750","104.031250","2030-10-31-0.04875"
"2025-05-30","91282CAV3","MARKET BASED NOTE","0.00875","2030-11-15","","84.656250","84.625000","84.656250","2030-11-15-0.00875"
"2025-05-30","91282CJM4","MARKET BASED NOTE","0.04375","2030-11-30","","101.609375","101.593750","101.625000","2030-11-30-0.04375"
"2025-05-30","91282CJQ5","MARKET BASED NOTE","0.03750","2030-12-31","","98.484375","98.468750","98.500000","2030-12-31-0.03750"
"2025-05-30","91282CJX0","MARKET BASED NOTE","0.04000","2031-01-31","","99.671875","99.656250","99.687500","2031-01-31-0.04000"
"2025-05-30","91282CBL4","MARKET BASED NOTE","0.01125","2031-02-15","","85.375000","85.343750","85.375000","2031-02-15-0.01125"
"2025-05-30","91282CKC4","MARKET BASED NOTE","0.04250","2031-02-28","","100.890625","100.875000","100.906250","2031-02-28-0.04250"
"2025-05-30","91282CKF7","MARKET BASED NOTE","0.04125","2031-03-31","","100.203125","100.187500","100.218750","2031-03-31-0.04125"
"2025-05-30","91282CKN0","MARKET BASED NOTE","0.04625","2031-04-30","","102.781250","102.750000","102.812500","2031-04-30-0.04625"
"2025-05-30","91282CCB5","MARKET BASED NOTE","0.01625","2031-05-15","","87.062500","87.031250","87.062500","2031-05-15-0.01625"
"2025-05-30","91282CKU4","MARKET BASED NOTE","0.04625","2031-05-31","","102.734375","102.718750","102.750000","2031-05-31-0.04625"
"2025-05-30","91282CKW0","MARKET BASED NOTE","0.04250","2031-06-30","","100.750000","100.718750","100.750000","2031-06-30-0.04250"
"2025-05-30","91282CLD1","MARKET BASED NOTE","0.04125","2031-07-31","","100.046875","100.031250","100.062500","2031-07-31-0.04125"
"2025-05-30","91282CCS8","MARKET BASED NOTE","0.01250","2031-08-15","","84.375000","84.343750","84.375000","2031-08-15-0.01250"
"2025-05-30","91282CLJ8","MARKET BASED NOTE","0.03750","2031-08-31","","97.953125","97.937500","97.937500","2031-08-31-0.03750"
"2025-05-30","91282CLM1","MARKET BASED NOTE","0.03625","2031-09-30","","97.203125","97.187500","97.187500","2031-09-30-0.03625"
"2025-05-30","91282CLU3","MARKET BASED NOTE","0.04125","2031-10-31","","99.890625","99.875000","99.906250","2031-10-31-0.04125"
"2025-05-30","91282CDJ7","MARKET BASED NOTE","0.01375","2031-11-15","","84.375000","84.343750","84.375000","2031-11-15-0.01375"
"2025-05-30","91282CLZ2","MARKET BASED NOTE","0.04125","2031-11-30","","99.859375","99.843750","99.875000","2031-11-30-0.04125"
"2025-05-30","91282CMC2","MARKET BASED NOTE","0.04500","2031-12-31","","101.953125","101.937500","101.968750","2031-12-31-0.04500"
"2025-05-30","91282CMK4","MARKET BASED NOTE","0.04375","2032-01-31","","101.203125","101.187500","101.218750","2032-01-31-0.04375"
"2025-05-30","91282CDY4","MARKET BASED NOTE","0.01875","2032-02-15","","86.640625","86.625000","86.625000","2032-02-15-0.01875"
"2025-05-30","91282CMR9","MARKET BASED NOTE","0.04125","2032-02-29","","99.734375","99.718750","99.750000","2032-02-29-0.04125"
"2025-05-30","91282CMT5","MARKET BASED NOTE","0.04125","2032-03-31","","99.703125","99.687500","99.718750","2032-03-31-0.04125"
"2025-05-30","91282CNA5","MARKET BASED NOTE","0.04000","2032-04-30","","98.921875","98.906250","98.937500","2032-04-30-0.04000"
"2025-05-30","91282CEP2","MARKET BASED NOTE","0.02875","2032-05-15","","92.125000","92.093750","92.125000","2032-05-15-0.02875"
"2025-05-30","91282CFF3","MARKET BASED NOTE","0.02750","2032-08-15","","91.015625","91.000000","91.000000","2032-08-15-0.02750"
"2025-05-30","91282CFV8","MARKET BASED NOTE","0.04125","2032-11-15","","99.453125","99.437500","99.437500","2032-11-15-0.04125"
"2025-05-30","91282CGM7","MARKET BASED NOTE","0.03500","2033-02-15","","95.125000","95.093750","95.125000","2033-02-15-0.03500"
"2025-05-30","91282CHC8","MARKET BASED NOTE","0.03375","2033-05-15","","94.015625","94.000000","94.000000","2033-05-15-0.03375"
"2025-05-30","91282CHT1","MARKET BASED NOTE","0.03875","2033-08-15","","97.156250","97.125000","97.156250","2033-08-15-0.03875"
"2025-05-30","91282CJJ1","MARKET BASED NOTE","0.04500","2033-11-15","","101.375000","101.343750","101.375000","2033-11-15-0.04500"
"2025-05-30","91282CJZ5","MARKET BASED NOTE","0.04000","2034-02-15","","97.578125","97.562500","97.593750","2034-02-15-0.04000"
"2025-05-30","91282CKQ3","MARKET BASED NOTE","0.04375","2034-05-15","","100.171875","100.156250","100.156250","2034-05-15-0.04375"
"2025-05-30","91282CLF6","MARKET BASED NOTE","0.03875","2034-08-15","","96.234375","96.218750","96.218750","2034-08-15-0.03875"
"2025-05-30","91282CLW9","MARKET BASED NOTE","0.04250","2034-11-15","","98.890625","98.875000","98.906250","2034-11-15-0.04250"
"2025-05-30","91282CMM0","MARKET BASED NOTE","0.04625","2035-02-15","","101.750000","101.750000","101.750000","2035-02-15-0.04625"
"2025-05-30","91282CNC1","MARKET BASED NOTE","0.04250","2035-05-15","","98.734375","98.718750","98.718750","2035-05-15-0.04250"
"2025-05-30","912810EV6","MARKET BASED BOND","0.06875","2025-08-15","","0.000000","100.406250","100.437500","2025-08-15-0.06875"
"2025-05-30","912810EW4","MARKET BASED BOND","0.06000","2026-02-15","","101.312500","101.031250","101.093750","2026-02-15-0.06000"
"2025-05-30","912810EX2","MARKET BASED BOND","0.06750","2026-08-15","","103.312500","103.000000","102.968750","2026-08-15-0.06750"
"2025-05-30","912810EY0","MARKET BASED BOND","0.06500","2026-11-15","","103.984375","103.718750","103.687500","2026-11-15-0.06500"
"2025-05-30","912810EZ7","MARKET BASED BOND","0.06625","2027-02-15","","104.734375","104.437500","104.468750","2027-02-15-0.06625"
"2025-05-30","912810FA1","MARKET BASED BOND","0.06375","2027-08-15","","105.234375","105.031250","105.000000","2027-08-15-0.06375"
"2025-05-30","912810FB9","MARKET BASED BOND","0.06125","2027-11-15","","105.218750","105.031250","105.031250","2027-11-15-0.06125"
"2025-05-30","912810FE3","MARKET BASED BOND","0.05500","2028-08-15","","105.015625","104.812500","104.781250","2028-08-15-0.05500"
"2025-05-30","912810FF0","MARKET BASED BOND","0.05250","2028-11-15","","104.250000","104.031250","104.062500","2028-11-15-0.05250"
"2025-05-30","912810FG8","MARKET BASED BOND","0.05250","2029-02-15","","104.859375","104.687500","104.687500","2029-02-15-0.05250"
"2025-05-30","912810FJ2","MARKET BASED BOND","0.06125","2029-08-15","","108.359375","108.156250","108.218750","2029-08-15-0.06125"
"2025-05-30","912810FM5","MARKET BASED BOND","0.06250","2030-05-15","","110.078125","109.875000","109.906250","2030-05-15-0.06250"
"2025-05-30","912810FP8","MARKET BASED BOND","0.05375","2031-02-15","","106.625000","106.437500","106.500000","2031-02-15-0.05375"
"2025-05-30","912810FT0","MARKET BASED BOND","0.04500","2036-02-15","","101.156250","100.968750","100.968750","2036-02-15-0.04500"
"2025-05-30","912810PT9","MARKET BASED BOND","0.04750","2037-02-15","","102.578125","102.468750","102.406250","2037-02-15-0.04750"
"2025-05-30","912810PU6","MARKET BASED BOND","0.05000","2037-05-15","","104.671875","104.562500","104.531250","2037-05-15-0.05000"
"2025-05-30","912810PW2","MARKET BASED BOND","0.04375","2038-02-15","","98.171875","98.062500","98.031250","2038-02-15-0.04375"
"2025-05-30","912810PX0","MARKET BASED BOND","0.04500","2038-05-15","","99.515625","99.375000","99.343750","2038-05-15-0.04500"
"2025-05-30","912810QA9","MARKET BASED BOND","0.03500","2039-02-15","","88.500000","88.375000","88.343750","2039-02-15-0.03500"
"2025-05-30","912810QB7","MARKET BASED BOND","0.04250","2039-05-15","","95.546875","95.437500","95.406250","2039-05-15-0.04250"
"2025-05-30","912810QC5","MARKET BASED BOND","0.04500","2039-08-15","","97.812500","97.718750","97.625000","2039-08-15-0.04500"
"2025-05-30","912810QD3","MARKET BASED BOND","0.04375","2039-11-15","","96.218750","96.125000","96.031250","2039-11-15-0.04375"
"2025-05-30","912810QE1","MARKET BASED BOND","0.04625","2040-02-15","","98.812500","98.718750","98.656250","2040-02-15-0.04625"
"2025-05-30","912810QH4","MARKET BASED BOND","0.04375","2040-05-15","","95.937500","95.843750","95.812500","2040-05-15-0.04375"
"2025-05-30","912810SR0","MARKET BASED BOND","0.01125","2040-05-15","","60.734375","60.625000","60.593750","2040-05-15-0.01125"
"2025-05-30","912810SQ2","MARKET BASED BOND","0.01125","2040-08-15","","60.109375","60.031250","59.968750","2040-08-15-0.01125"
"2025-05-30","912810QK7","MARKET BASED BOND","0.03875","2040-08-15","","90.140625","90.031250","90.000000","2040-08-15-0.03875"
"2025-05-30","912810QL5","MARKET BASED BOND","0.04250","2040-11-15","","93.968750","93.875000","93.812500","2040-11-15-0.04250"
"2025-05-30","912810ST6","MARKET BASED BOND","0.01375","2040-11-15","","62.359375","62.281250","62.218750","2040-11-15-0.01375"
"2025-05-30","912810SW9","MARKET BASED BOND","0.01875","2041-02-15","","67.359375","67.281250","67.187500","2041-02-15-0.01875"
"2025-05-30","912810QN1","MARKET BASED BOND","0.04750","2041-02-15","","99.359375","99.281250","99.218750","2041-02-15-0.04750"
"2025-05-30","912810SY5","MARKET BASED BOND","0.02250","2041-05-15","","71.125000","71.062500","71.000000","2041-05-15-0.02250"
"2025-05-30","912810QQ4","MARKET BASED BOND","0.04375","2041-05-15","","95.078125","95.000000","94.906250","2041-05-15-0.04375"
"2025-05-30","912810QS0","MARKET BASED BOND","0.03750","2041-08-15","","87.859375","87.781250","87.687500","2041-08-15-0.03750"
"2025-05-30","912810TA6","MARKET BASED BOND","0.01750","2041-08-15","","64.906250","64.843750","64.781250","2041-08-15-0.01750"
"2025-05-30","912810TC2","MARKET BASED BOND","0.02000","2041-11-15","","67.328125","67.250000","67.250000","2041-11-15-0.02000"
"2025-05-30","912810QT8","MARKET BASED BOND","0.03125","2041-11-15","","80.312500","80.218750","80.125000","2041-11-15-0.03125"
"2025-05-30","912810QU5","MARKET BASED BOND","0.03125","2042-02-15","","80.000000","79.937500","79.812500","2042-02-15-0.03125"
"2025-05-30","912810TF5","MARKET BASED BOND","0.02375","2042-02-15","","71.203125","71.156250","71.062500","2042-02-15-0.02375"
"2025-05-30","912810TH1","MARKET BASED BOND","0.03250","2042-05-15","","81.093750","81.031250","80.937500","2042-05-15-0.03250"
"2025-05-30","912810QW1","MARKET BASED BOND","0.03000","2042-05-15","","78.218750","78.156250","78.062500","2042-05-15-0.03000"
"2025-05-30","912810QX9","MARKET BASED BOND","0.02750","2042-08-15","","74.921875","74.843750","74.781250","2042-08-15-0.02750"
"2025-05-30","912810TK4","MARKET BASED BOND","0.03375","2042-08-15","","82.265625","82.218750","82.156250","2042-08-15-0.03375"
"2025-05-30","912810TM0","MARKET BASED BOND","0.04000","2042-11-15","","89.484375","89.437500","89.375000","2042-11-15-0.04000"
"2025-05-30","912810QY7","MARKET BASED BOND","0.02750","2042-11-15","","74.578125","74.500000","74.406250","2042-11-15-0.02750"
"2025-05-30","912810QZ4","MARKET BASED BOND","0.03125","2043-02-15","","78.765625","78.687500","78.593750","2043-02-15-0.03125"
"2025-05-30","912810TQ1","MARKET BASED BOND","0.03875","2043-02-15","","87.781250","87.750000","87.656250","2043-02-15-0.03875"
"2025-05-30","912810TS7","MARKET BASED BOND","0.03875","2043-05-15","","87.562500","87.531250","87.468750","2043-05-15-0.03875"
"2025-05-30","912810RB6","MARKET BASED BOND","0.02875","2043-05-15","","75.468750","75.406250","75.343750","2043-05-15-0.02875"
"2025-05-30","912810RC4","MARKET BASED BOND","0.03625","2043-08-15","","84.343750","84.281250","84.187500","2043-08-15-0.03625"
"2025-05-30","912810TU2","MARKET BASED BOND","0.04375","2043-08-15","","93.468750","93.437500","93.343750","2043-08-15-0.04375"
"2025-05-30","912810TW8","MARKET BASED BOND","0.04750","2043-11-15","","97.968750","97.937500","97.875000","2043-11-15-0.04750"
"2025-05-30","912810RD2","MARKET BASED BOND","0.03750","2043-11-15","","85.640625","85.562500","85.500000","2043-11-15-0.03750"
"2025-05-30","912810RE0","MARKET BASED BOND","0.03625","2044-02-15","","83.859375","83.781250","83.718750","2044-02-15-0.03625"
"2025-05-30","912810TZ1","MARKET BASED BOND","0.04500","2044-02-15","","94.750000","94.718750","94.656250","2044-02-15-0.04500"
"2025-05-30","912810UB2","MARKET BASED BOND","0.04625","2044-05-15","","96.218750","96.187500","96.093750","2044-05-15-0.04625"
"2025-05-30","912810RG5","MARKET BASED BOND","0.03375","2044-05-15","","80.531250","80.468750","80.375000","2044-05-15-0.03375"
"2025-05-30","912810RH3","MARKET BASED BOND","0.03125","2044-08-15","","77.125000","77.062500","76.968750","2044-08-15-0.03125"
"2025-05-30","912810UD8","MARKET BASED BOND","0.04125","2044-08-15","","89.796875","89.781250","89.687500","2044-08-15-0.04125"
"2025-05-30","912810UF3","MARKET BASED BOND","0.04625","2044-11-15","","95.984375","95.968750","95.875000","2044-11-15-0.04625"
"2025-05-30","912810RJ9","MARKET BASED BOND","0.03000","2044-11-15","","75.312500","75.250000","75.156250","2044-11-15-0.03000"
"2025-05-30","912810RK6","MARKET BASED BOND","0.02500","2045-02-15","","68.750000","68.687500","68.687500","2045-02-15-0.02500"
"2025-05-30","912810UJ5","MARKET BASED BOND","0.04750","2045-02-15","","97.546875","97.531250","97.437500","2045-02-15-0.04750"
"2025-05-30","912810RM2","MARKET BASED BOND","0.03000","2045-05-15","","74.906250","74.843750","74.781250","2045-05-15-0.03000"
"2025-05-30","912810RN0","MARKET BASED BOND","0.02875","2045-08-15","","73.078125","73.031250","72.968750","2045-08-15-0.02875"
"2025-05-30","912810RP5","MARKET BASED BOND","0.03000","2045-11-15","","74.468750","74.437500","74.343750","2045-11-15-0.03000"
"2025-05-30","912810RQ3","MARKET BASED BOND","0.02500","2046-02-15","","67.734375","67.687500","67.625000","2046-02-15-0.02500"
"2025-05-30","912810RS9","MARKET BASED BOND","0.02500","2046-05-15","","67.515625","67.468750","67.406250","2046-05-15-0.02500"
"2025-05-30","912810RT7","MARKET BASED BOND","0.02250","2046-08-15","","63.953125","63.906250","63.812500","2046-08-15-0.02250"
"2025-05-30","912810RU4","MARKET BASED BOND","0.02875","2046-11-15","","72.015625","71.968750","71.906250","2046-11-15-0.02875"
"2025-05-30","912810RV2","MARKET BASED BOND","0.03000","2047-02-15","","73.437500","73.375000","73.312500","2047-02-15-0.03000"
"2025-05-30","912810RX8","MARKET BASED BOND","0.03000","2047-05-15","","73.234375","73.187500","73.125000","2047-05-15-0.03000"
"2025-05-30","912810RY6","MARKET BASED BOND","0.02750","2047-08-15","","69.640625","69.593750","69.531250","2047-08-15-0.02750"
"2025-05-30","912810RZ3","MARKET BASED BOND","0.02750","2047-11-15","","69.437500","69.375000","69.312500","2047-11-15-0.02750"
"2025-05-30","912810SA7","MARKET BASED BOND","0.03000","2048-02-15","","72.578125","72.531250","72.500000","2048-02-15-0.03000"
"2025-05-30","912810SC3","MARKET BASED BOND","0.03125","2048-05-15","","74.140625","74.093750","74.000000","2048-05-15-0.03125"
"2025-05-30","912810SD1","MARKET BASED BOND","0.03000","2048-08-15","","72.250000","72.187500","72.125000","2048-08-15-0.03000"
"2025-05-30","912810SE9","MARKET BASED BOND","0.03375","2048-11-15","","77.296875","77.250000","77.187500","2048-11-15-0.03375"
"2025-05-30","912810SF6","MARKET BASED BOND","0.03000","2049-02-15","","71.984375","71.937500","71.875000","2049-02-15-0.03000"
"2025-05-30","912810SH2","MARKET BASED BOND","0.02875","2049-05-15","","70.109375","70.062500","70.000000","2049-05-15-0.02875"
"2025-05-30","912810SJ8","MARKET BASED BOND","0.02250","2049-08-15","","61.171875","61.125000","61.062500","2049-08-15-0.02250"
"2025-05-30","912810SK5","MARKET BASED BOND","0.02375","2049-11-15","","62.734375","62.687500","62.625000","2049-11-15-0.02375"
"2025-05-30","912810SL3","MARKET BASED BOND","0.02000","2050-02-15","","57.250000","57.218750","57.156250","2050-02-15-0.02000"
"2025-05-30","912810SN9","MARKET BASED BOND","0.01250","2050-05-15","","46.703125","46.656250","46.625000","2050-05-15-0.01250"
"2025-05-30","912810SP4","MARKET BASED BOND","0.01375","2050-08-15","","47.953125","47.906250","47.875000","2050-08-15-0.01375"
"2025-05-30","912810SS8","MARKET BASED BOND","0.01625","2050-11-15","","51.312500","51.250000","51.250000","2050-11-15-0.01625"
"2025-05-30","912810SU3","MARKET BASED BOND","0.01875","2051-02-15","","54.718750","54.687500","54.625000","2051-02-15-0.01875"
"2025-05-30","912810SX7","MARKET BASED BOND","0.02375","2051-05-15","","61.859375","61.812500","61.750000","2051-05-15-0.02375"
"2025-05-30","912810SZ2","MARKET BASED BOND","0.02000","2051-08-15","","56.156250","56.125000","56.062500","2051-08-15-0.02000"
"2025-05-30","912810TB4","MARKET BASED BOND","0.01875","2051-11-15","","54.171875","54.125000","54.062500","2051-11-15-0.01875"
"2025-05-30","912810TD0","MARKET BASED BOND","0.02250","2052-02-15","","59.531250","59.500000","59.437500","2052-02-15-0.02250"
"2025-05-30","912810TG3","MARKET BASED BOND","0.02875","2052-05-15","","68.687500","68.656250","68.593750","2052-05-15-0.02875"
"2025-05-30","912810TJ7","MARKET BASED BOND","0.03000","2052-08-15","","70.468750","70.437500","70.375000","2052-08-15-0.03000"
"2025-05-30","912810TL2","MARKET BASED BOND","0.04000","2052-11-15","","85.531250","85.500000","85.406250","2052-11-15-0.04000"
"2025-05-30","912810TN8","MARKET BASED BOND","0.03625","2053-02-15","","79.812500","79.781250","79.687500","2053-02-15-0.03625"
"2025-05-30","912810TR9","MARKET BASED BOND","0.03625","2053-05-15","","79.750000","79.718750","79.625000","2053-05-15-0.03625"
"2025-05-30","912810TT5","MARKET BASED BOND","0.04125","2053-08-15","","87.375000","87.343750","87.281250","2053-08-15-0.04125"
"2025-05-30","912810TV0","MARKET BASED BOND","0.04750","2053-11-15","","96.968750","96.937500","96.843750","2053-11-15-0.04750"
"2025-05-30","912810TX6","MARKET BASED BOND","0.04250","2054-02-15","","89.234375","89.218750","89.156250","2054-02-15-0.04250"
"2025-05-30","912810UA4","MARKET BASED BOND","0.04625","2054-05-15","","95.046875","95.031250","94.937500","2054-05-15-0.04625"
"2025-05-30","912810UC0","MARKET BASED BOND","0.04250","2054-08-15","","89.343750","89.312500","89.250000","2054-08-15-0.04250"
"2025-05-30","912810UE6","MARKET BASED BOND","0.04500","2054-11-15","","93.265625","93.250000","93.187500","2054-11-15-0.04500"
"2025-05-30","912810UG1","MARKET BASED BOND","0.04625","2055-02-15","","95.296875","95.281250","95.218750","2055-02-15-0.04625"
"2025-05-30","912810UK2","MARKET BASED BOND","0.04750","2055-05-15","","97.343750","97.343750","97.250000","2055-05-15-0.04750"
"2025-05-30","912828XL9","TIPS","0.00375","2025-07-15","","0.000000","99.906250","99.937500","2025-07-15-0.00375"
"2025-05-30","91282CAQ4","TIPS","0.00125","2025-10-15","","0.000000","99.718750","99.718750","2025-10-15-0.00125"
"2025-05-30","912828N71","TIPS","0.00625","2026-01-15","","99.562500","99.531250","99.531250","2026-01-15-0.00625"
"2025-05-30","912810FS2","TIPS","0.02000","2026-01-15","","100.390625","100.343750","100.375000","2026-01-15-0.02000"
"2025-05-30","91282CCA7","TIPS","0.00125","2026-04-15","","98.937500","98.906250","98.937500","2026-04-15-0.00125"
"2025-05-30","912828S50","TIPS","0.00125","2026-07-15","","99.156250","99.125000","99.125000","2026-07-15-0.00125"
"2025-05-30","91282CDC2","TIPS","0.00125","2026-10-15","","98.812500","98.781250","98.812500","2026-10-15-0.00125"
"2025-05-30","912828V49","TIPS","0.00375","2027-01-15","","98.593750","98.562500","98.625000","2027-01-15-0.00375"
"2025-05-30","912810PS1","TIPS","0.02375","2027-01-15","","101.796875","101.750000","101.781250","2027-01-15-0.02375"
"2025-05-30","91282CEJ6","TIPS","0.00125","2027-04-15","","97.812500","97.781250","97.843750","2027-04-15-0.00125"
"2025-05-30","9128282L3","TIPS","0.00375","2027-07-15","","98.531250","98.500000","98.562500","2027-07-15-0.00375"
"2025-05-30","91282CFR7","TIPS","0.01625","2027-10-15","","101.125000","101.093750","101.156250","2027-10-15-0.01625"
"2025-05-30","9128283R9","TIPS","0.00500","2028-01-15","","97.875000","97.843750","97.906250","2028-01-15-0.00500"
"2025-05-30","912810PV4","TIPS","0.01750","2028-01-15","","101.109375","101.062500","101.156250","2028-01-15-0.01750"
"2025-05-30","912810FD5","TIPS","0.03625","2028-04-15","","106.281250","106.218750","106.343750","2028-04-15-0.03625"
"2025-05-30","91282CGW5","TIPS","0.01250","2028-04-15","","99.562500","99.531250","99.656250","2028-04-15-0.01250"
"2025-05-30","912828Y38","TIPS","0.00750","2028-07-15","","98.468750","98.437500","98.531250","2028-07-15-0.00750"
"2025-05-30","91282CJH5","TIPS","0.02375","2028-10-15","","103.531250","103.500000","103.593750","2028-10-15-0.02375"
"2025-05-30","9128285W6","TIPS","0.00875","2029-01-15","","98.031250","98.000000","98.093750","2029-01-15-0.00875"
"2025-05-30","912810PZ5","TIPS","0.02500","2029-01-15","","103.750000","103.687500","103.812500","2029-01-15-0.02500"
"2025-05-30","912810FH6","TIPS","0.03875","2029-04-15","","108.984375","108.937500","109.062500","2029-04-15-0.03875"
"2025-05-30","91282CKL4","TIPS","0.02125","2029-04-15","","102.375000","102.343750","102.468750","2029-04-15-0.02125"
"2025-05-30","9128287D6","TIPS","0.00250","2029-07-15","","95.484375","95.437500","95.562500","2029-07-15-0.00250"
"2025-05-30","91282CLV1","TIPS","0.01625","2029-10-15","","100.828125","100.812500","100.937500","2029-10-15-0.01625"
"2025-05-30","912828Z37","TIPS","0.00125","2030-01-15","","93.765625","93.718750","93.875000","2030-01-15-0.00125"
"2025-05-30","91282CNB3","TIPS","0.01625","2030-04-15","","100.187500","100.156250","100.312500","2030-04-15-0.01625"
"2025-05-30","912828ZZ6","TIPS","0.00125","2030-07-15","","93.265625","93.218750","93.375000","2030-07-15-0.00125"
"2025-05-30","91282CBF7","TIPS","0.00125","2031-01-15","","91.875000","91.843750","92.000000","2031-01-15-0.00125"
"2025-05-30","91282CCM1","TIPS","0.00125","2031-07-15","","91.171875","91.125000","91.312500","2031-07-15-0.00125"
"2025-05-30","91282CDX6","TIPS","0.00125","2032-01-15","","89.687500","89.656250","89.875000","2032-01-15-0.00125"
"2025-05-30","912810FQ6","TIPS","0.03375","2032-04-15","","110.515625","110.437500","110.656250","2032-04-15-0.03375"
"2025-05-30","91282CEZ0","TIPS","0.00625","2032-07-15","","92.312500","92.281250","92.500000","2032-07-15-0.00625"
"2025-05-30","91282CGK1","TIPS","0.01125","2033-01-15","","94.562500","94.531250","94.750000","2033-01-15-0.01125"
"2025-05-30","91282CHP9","TIPS","0.01375","2033-07-15","","96.031250","96.000000","96.218750","2033-07-15-0.01375"
"2025-05-30","91282CJY8","TIPS","0.01750","2034-01-15","","98.062500","98.031250","98.250000","2034-01-15-0.01750"
"2025-05-30","91282CLE9","TIPS","0.01875","2034-07-15","","98.984375","98.968750","99.187500","2034-07-15-0.01875"
"2025-05-30","91282CML2","TIPS","0.02125","2035-01-15","","100.468750","100.437500","100.687500","2035-01-15-0.02125"
"2025-05-30","912810QF8","TIPS","0.02125","2040-02-15","","97.390625","97.250000","97.687500","2040-02-15-0.02125"
"2025-05-30","912810QP6","TIPS","0.02125","2041-02-15","","96.281250","96.156250","96.656250","2041-02-15-0.02125"
"2025-05-30","912810QV3","TIPS","0.00750","2042-02-15","","76.281250","76.156250","76.625000","2042-02-15-0.00750"
"2025-05-30","912810RA8","TIPS","0.00625","2043-02-15","","73.015625","72.906250","73.343750","2043-02-15-0.00625"
"2025-05-30","912810RF7","TIPS","0.01375","2044-02-15","","82.640625","82.531250","83.031250","2044-02-15-0.01375"
"2025-05-30","912810RL4","TIPS","0.00750","2045-02-15","","71.796875","71.687500","72.250000","2045-02-15-0.00750"
"2025-05-30","912810RR1","TIPS","0.01000","2046-02-15","","74.453125","74.343750","74.968750","2046-02-15-0.01000"
"2025-05-30","912810RW0","TIPS","0.00875","2047-02-15","","71.109375","71.000000","71.593750","2047-02-15-0.00875"
"2025-05-30","912810SB5","TIPS","0.01000","2048-02-15","","72.234375","72.125000","72.625000","2048-02-15-0.01000"
"2025-05-30","912810SG4","TIPS","0.01000","2049-02-15","","71.203125","71.093750","71.562500","2049-02-15-0.01000"
"2025-05-30","912810SM1","TIPS","0.00250","2050-02-15","","56.718750","56.625000","57.031250","2050-02-15-0.00250"
"2025-05-30","912810SV1","TIPS","0.00125","2051-02-15","","53.171875","53.062500","53.468750","2051-02-15-0.00125"
"2025-05-30","912810TE8","TIPS","0.00125","2052-02-15","","52.218750","52.125000","52.500000","2052-02-15-0.00125"
"2025-05-30","912810TP3","TIPS","0.01500","2053-02-15","","77.593750","77.500000","77.968750","2053-02-15-0.01500"
"2025-05-30","912810TY4","TIPS","0.02125","2054-02-15","","89.656250","89.562500","90.062500","2054-02-15-0.02125"
"2025-05-30","912810UH9","TIPS","0.02375","2055-02-15","","94.656250","94.593750","95.093750","2055-02-15-0.02375"
"2025-05-30","91282CHS3","MARKET BASED FRN","0.04488","2025-07-31","","0.000000","100.003204","100.004430","2025-07-31-0.04488"
"2025-05-30","91282CJD4","MARKET BASED FRN","0.04533","2025-10-31","","100.042596","100.030162","100.030162","2025-10-31-0.04533"
"2025-05-30","91282CJU6","MARKET BASED FRN","0.04609","2026-01-31","","100.114846","100.094955","100.104567","2026-01-31-0.04609"
"2025-05-30","91282CKM2","MARKET BASED FRN","0.04513","2026-04-30","","100.057794","100.030786","100.030786","2026-04-30-0.04513"
"2025-05-30","91282CLA7","MARKET BASED FRN","0.04546","2026-07-31","","100.096415","100.062116","100.064973","2026-07-31-0.04546"
"2025-05-30","91282CLT6","MARKET BASED FRN","0.04569","2026-10-31","","100.131773","100.090265","100.111012","2026-10-31-0.04569"
"2025-05-30","91282CMJ7","MARKET BASED FRN","0.04460","2027-01-31","","99.977680","99.953387","99.956625","2027-01-31-0.04460"
"2025-05-30","91282CMX6","MARKET BASED FRN","0.04554","2027-04-30","","100.027030","100.020106","100.024722","2027-04-30-0.04554"
